30.902472
30.903333
30.904626
30.906667
30.908027
31.377596
31.377891
31.378957
31.382063
31.382381
31.384671
31.386190
31.388730
31.390227
31.393039
31.736100
31.737370
31.739796
31.740340
31.740590
31.740839
31.743311
31.746984
31.747755
31.750522
31.750748
31.751224
31.751519
31.758912
31.760317
31.760522
31.760703
31.764535
32.107959
32.110794
32.339274
32.339660
32.343356
32.343719
32.344014
32.345941
32.346735
32.346961
32.347392
32.347574
32.358957
32.830544
32.831088
32.831247
32.831701
32.833379
33.307574
33.307868
33.308390
33.308934
33.311111
33.312585
33.315397
33.315578
33.315850
33.316145
33.319932
33.328503
33.672971
33.673515
33.673764
33.674172
33.677551
33.677846
33.678095
33.689048
33.691020
33.695850
34.037029
34.038821
34.273197
34.273741
34.277755
34.280227
34.280884
34.281134
34.281451
34.289478
34.292381
34.293492
34.397324
34.761542
34.761905
34.762313
34.762971
34.763175
34.763447
34.763673
34.763810
34.765556
35.238685
35.239274
35.241791
35.242063
35.242834
35.252902
35.254263
35.254626
35.258435
35.262086
35.264172
35.597710
35.600091
35.603152
35.603288
35.604218
35.604467
35.607007
35.615646
35.619524
35.621134
35.624036
35.624807
35.625147
36.203175
36.206349
36.206825
36.210317
36.211451
36.219206
36.222789
36.687596
36.690227
36.691179
36.691882
36.692086
36.692766
36.693061
36.693855
37.168458
37.169025
37.171655
37.172721
37.175556
37.175714
37.176599
37.179048
37.192494
37.526463
37.527778
37.529841
37.530907
37.531270
37.533787
37.534286
37.537914
37.541179
37.541995
37.542426
37.549864
37.550113
37.550884
37.551406
37.553968
37.894762
37.895011
37.896327
37.898912
37.899252
38.133401
38.137166
38.140590
38.140975
38.141519
38.141814
38.148707
38.149116
38.150068
38.152766
38.153129
38.153741
38.153900
38.254943
38.257619
38.270000
38.274240
38.278549
38.278798
38.279501
38.279887
38.374875
38.375374
38.378322
38.379365
38.381678
38.381995
38.382358
38.382494
38.385351
38.393855
38.395125
38.398753
38.399864
38.492268
38.495646
38.503719
38.623265
38.624104
38.625147
38.625488
39.099592
39.102698
39.105420
39.105556
39.106281
39.106531
39.106803
39.109274
39.117982
39.461020
39.461293
39.463424
39.463583
39.467392
39.467982
39.468390
39.470998
39.471293
39.472268
39.479546
39.481338
39.485170
39.831066
39.831293
39.831429
40.059932
40.060227
40.063583
40.064104
40.064263
40.064626
40.067256
40.067710
40.068095
40.074104
40.551542
40.551769
40.552494
40.556825
41.028435
41.029002
41.029546
41.033175
41.035397
41.035896
41.036621
41.036916
41.040476
41.044649
41.048980
41.391224
41.391429
41.393673
41.394082
41.395034
41.397664
41.398844
41.401905
41.416508
41.420816
41.758912
41.759252
41.759819
42.000884
42.001542
42.010159
42.013469
42.013787
42.014444
42.118821
42.482154
42.482358
42.483447
42.484082
42.484444
42.486213
42.955170
42.955782
42.956077
42.959478
42.959683
42.966531
42.966780
43.317052
43.317324
43.317800
43.317982
43.318345
43.320612
43.321542
43.321678
43.324535
43.327823
43.328186
43.328980
43.340272
43.344467
43.684830
43.685488
43.686576
43.689320
43.689478
43.923628
43.924399
43.924603
43.924875
43.927007
43.930590
43.930839
43.931859
43.934739
43.940091
43.940499
44.052585
44.411088
44.411338
44.411882
44.889002
44.889297
44.889773
44.890023
44.892041
44.892290
44.892857
44.893447
44.895986
44.897007
44.901361
44.904172
44.905488
44.910136
44.913719
45.247732
45.251973
45.254354
45.255510
45.261655
45.261791
45.262381
45.262880
45.263265
45.266848
45.270181
45.271111
45.274649
45.275057
45.276689
45.377211
45.618186
45.618367
45.619048
45.619297
45.619615
45.619864
45.622426
45.850862
45.854104
45.855125
45.857098
45.857279
45.857438
45.858141
45.858390
45.858639
45.861678
45.865850
45.866145
45.866327
45.869274
45.869615
45.874308
45.878027
45.975782
45.977846
45.986054
45.986281
45.986485
45.986689
45.986939
45.999524
46.095215
46.096077
46.107302
46.219320
46.219660
46.220113
46.220590
46.223719
46.236848
46.342313
46.342744
46.343288
46.343560
46.344376
46.819456
46.822698
46.822948
46.823220
46.823787
46.826803
46.834921
47.181429
47.181610
47.181769
47.182018
47.184218
47.184399
47.184875
47.185420
47.187868
47.189433
47.192472
47.197551
47.200703
47.201837
47.205351
47.206825
47.547959
47.548209
47.549773
47.550068
47.550884
47.551406
47.553968
47.784762
47.784943
47.785238
47.788231
47.788435
47.791270
47.791474
47.791633
47.792086
47.792313
47.804218
47.804943
47.909070
47.909229
47.909909
47.910136
47.913719
48.271179
48.271338
48.272245
48.272472
48.273741
48.274966
48.749161
48.750045
48.750340
48.752290
48.753129
48.756032
48.756190
48.763810
48.765896
49.111701
49.111882
49.114467
49.114671
49.114989
49.115850
49.118526
49.119138
49.119342
49.121837
49.122336
49.122698
49.122902
49.126871
49.127438
49.130930
49.131587
49.131769
49.136984
49.477687
49.477846
49.479025
49.479478
49.714240
49.714671
49.715306
49.717710
49.721791
49.722200
49.722698
49.729864
49.730181
49.730544
49.730703
49.733492
49.733741
49.733991
49.734059
50.200907
50.202358
50.202608
50.202789
50.203243
50.205556
50.676803
50.677166
50.678957
50.679184
50.679456
50.680340
50.683401
50.691451
50.691610
50.691746
50.694308
50.694603
50.700045
50.703741
50.705442
51.041202
51.041429
51.041905
51.044649
51.045873
51.048299
51.049048
51.049615
51.053129
51.056122
51.061950
51.067188
51.068776
51.406531
51.407211
51.407800
51.408050
51.409184
51.409615
51.644104
51.644422
51.644717
51.645374
51.645624
51.648299
51.648798
51.649002
51.651701
51.652177
51.652653
51.664580
51.648685
51.648912
51.651565
51.652313
51.663651
52.130385
52.130680
52.131927
52.132812
52.134535
52.136531
52.606553
52.606984
52.607234
52.609388
52.610159
52.610703
52.613016
52.613832
52.614104
52.625374
52.629524
52.634014
52.635556
52.971542
52.972608
52.974898
52.975125
52.976100
52.987007
52.992086
52.996599
52.997007
52.998186
53.338413
53.340839
53.341134
53.574490
53.574694
53.575669
53.578594
53.579184
53.582698
53.589773
53.590227
53.600113
53.703492
53.703741
53.942880
54.062086
54.062245
54.062789
54.066485
54.539909
54.540567
54.540839
54.544150
54.544354
54.555011
54.555261
54.560726
54.560930
54.563719
54.564717
54.564943
54.901451
54.901610
54.904830
54.905102
54.905873
54.909274
54.909615
54.909909
54.912449
54.921020
54.922540
54.925420
54.925782
54.926961
54.927302
55.268458
55.268912
55.269909
55.270181
55.270408
55.511701
55.511927
55.512177
55.512358
