23.227000
29.552000
29.801000
30.039000
30.278000
30.527000
30.765000
30.890000
31.367000
31.377596
31.378866
31.384671
31.386190
31.747642
32.343719
32.346735
32.347279
33.308934
33.312585
33.315397
33.670249
33.677551
35.239274
35.241678
35.604218
36.690227
36.691519
36.691882
37.169025
37.171565
37.175283
37.175556
37.549637
37.551406
38.257438
38.374875
38.378095
38.379365
38.381995
38.382358
38.393855
38.495646
38.623265
38.623968
39.105420
39.460726
39.467800
39.481247
40.064626
40.067256
40.067710
41.029388
41.035896
42.966531
43.328798
43.340272
43.685238
44.052585
44.411701
44.889773
44.901088
44.901361
45.251610
45.251973
45.254354
45.255510
45.263265
45.270907
45.271429
45.377211
45.618186
45.850862
45.861451
45.865850
45.874308
45.975420
46.341587
46.342313
46.343968
46.823787
46.826213
46.834921
47.181224
47.188549
47.188844
47.908980
48.270726
48.271043
48.752698
49.115850
49.118390
50.200907
50.683401
51.044467
51.048299
51.067188
51.652653
52.130385
52.132472
52.134535
52.136531
52.610703
52.612857
52.633855
52.971383
52.975828
52.976100
52.986803
52.997007
53.340839
53.341134
53.578889
53.703492
53.942880
54.062086
54.543991
54.901451
54.908571
54.909274
55.513265
55.993129
55.994376
55.995079
56.471020
56.473673
56.834966
56.835918
56.836485
56.847596
56.857392
57.198027
57.198844
57.443243
57.920998
57.923447
57.923832
58.765283
58.781905
58.786259
58.787664
59.853469
60.331315
60.333628
60.342494
60.689751
60.695805
60.707256
60.708798
60.716984
61.059546
61.303333
61.781451
63.717120
65.645125
68.301587
69.507528
69.980839
70.961587
71.434399
71.911746
71.925986
72.160567
73.369660
73.844558
74.089569
1008.104875
1008.105170
1008.105964
1008.106395
1008.108163
1008.108458
1008.109660
1008.110567
1008.585034
1008.587687
1008.588299
1008.592381
1008.596463
1008.608118
1008.945805
1008.946100
1008.946893
1008.947234
1008.966939
1008.970113
1008.971610
1009.311859
1009.313356
1009.549841
1009.552766
1110.035193
1110.036145
1110.037551
1110.038662
1110.040476
1110.511814
1110.512086
1110.514558
1110.514943
1110.515329
1110.517846
1110.519025
1110.529274
1110.530476
1110.873537
1110.873900
1110.876553
1110.876871
1110.880884
1110.892857
1110.901338
1111.242177
1111.480295
1111.483923
1111.503379
1111.604172
1111.965556
1111.966032
1111.967007
1111.968141
1111.969070
1111.971224
1112.445283
1112.445601
1112.447778
1112.448027
1112.448526
1112.469184
1112.807166
1112.809841
1112.811043
1112.814558
1112.817619
1112.827279
1112.827551
1112.830476
1113.409478
1113.410635
1113.417029
1113.417664
1113.435079
1113.535601
1113.896100
1113.898866
1113.901429
1114.372290
1114.374444
1114.375125
1114.375692
1114.377937
1114.382268
1114.385624
1114.386621
1114.390975
1114.391247
1114.736327
1114.740272
1114.740998
1114.743447
1114.752018
1114.753107
1115.102925
1115.105397
1115.347415
1115.355283
1115.364082
1115.365170
1115.828435
1115.829342
1115.830363
1115.831293
1115.831678
1115.833107
1116.071315
1116.072268
1116.072540
1116.073515
1116.304580
1116.305941
1116.308118
1116.309410
1116.313175
1116.317098
1116.321088
1116.325488
1116.666531
1116.666939
1116.667438
1116.667778
1116.674014
1116.674535
1116.674943
1116.681701
1116.687347
1116.687755
1117.035669
1117.037075
1117.039274
1117.270522
1117.273810
1117.277188
1117.277438
1117.278209
1117.280998
1117.286032
1117.293810
1117.294240
1117.294807
1117.394150
1117.394535
1117.395964
1117.396327
1117.758186
1117.758844
1117.760295
1118.000703
1118.001224
1118.002018
1118.002540
1118.232676
1118.238821
1118.242063
1118.242358
1118.246236
1118.255057
1118.255714
1118.600272
1118.603832
1118.604150
1118.604762
1118.605306
1118.617732
1118.964717
1118.965737
1118.966304
1118.967347
1118.968254
1118.968776
1119.200612
1119.206939
1119.207755
1119.208503
1119.220771
1119.221247
1119.330385
1119.331111
1119.689524
1119.690794
1119.691791
1119.693878
1119.694127
119..933220	1
1220.162494
1220.165102
1220.166190
1220.168277
1220.169138
1220.169841
1220.172154
1220.173175
1220.175986
1220.177029
1220.185714
1220.185986
1220.186327
1220.527324
1220.527800
1220.528186
1220.531179
1220.535011
1220.535420
1220.538934
1220.542449
1220.546508
1220.547279
1220.548254
1220.552200
1220.895057
1220.897029
1220.898662
1220.899796
1221.130159
1221.130567
1221.131361
1221.133560
1221.134830
1221.137710
1221.138571
1221.145306
1221.146009
1221.146463
1221.253129
1221.254036
1221.255057
1221.255964
1221.256712
1221.617438
1221.617823
1221.619184
1221.619864
1221.858571
1221.860839
1221.861247
1222.098503
1222.099660
1222.099955
1222.105986
1222.106735
1222.107029
1222.107528
1222.110522
1222.120249
1222.120862
1222.121134
1222.460930
1222.461859
1222.468322
1222.469093
1222.476553
1222.482494
1222.823583
1222.825896
1222.827324
1223.550476
1224.030000
1224.394286
1224.394694
1225.478073
1225.478503
1225.956077
1225.960249
1225.962517
1226.324444
1226.324785
1226.325125
1227.409116
1227.410794
1227.890385
1227.909887
1228.251701
1229.341542
1229.820454
1229.824240
1330.185578
1330.189705
1330.784331
1330.787891
1330.789184
1330.904830
1331.022245
1331.026825
1331.029252
1331.271043
1332.108186
1332.115306
1333.199410
1333.676848
1333.680884
1334.045510
1334.045896
1334.046372
1334.062154
1335.131383
1335.613379
1335.613787
1335.968934
1335.976145
1336.699819
1337.540862
1337.547914
1337.548299
1337.557619
1337.561066
1337.898707
1337.902766
1337.910499
1337.910794
1337.914150
1337.918186
1338.024331
1338.264875
1338.498050
1338.508753
1338.521565
1338.988549
1338.989320
1338.991315
1339.471202
1339.473696
1339.482041
1339.828481
1339.836281
1440.197188
1440.917619
1440.920113
1440.921429
1440.921927
1441.400499
1441.422608
1441.762132
1441.763492
1441.774490
1441.784263
1442.124739
1442.125306
1442.852472
1443.328163
1443.334127
1443.690000
1443.697188
1443.710091
1444.781293
1445.257642
1445.261655
1445.265079
1445.265601
1445.619320
1446.219116
1446.709751
1446.710522
1447.192018
1447.194376
1447.194989
1447.549569
1447.918141
1447.918594
1448.160431
1448.276485
1448.641179
1448.642744
1449.121338
1449.486463
1449.486848
1449.495737
1550.569161
1550.569592
1551.055941
1551.410703
1551.414104
1551.433946
1551.774717
1552.019887
1552.500771
1552.981066
1552.989637
1552.990227
1553.340272
1553.340680
1553.343583
1553.351202
1553.360363
1553.360794
1553.364218
1553.466576
1553.707460
1553.949864
1553.950544
